3.1k
30.6k
3.1k
3.1k
4.1k
2.1k
896
3.1k
896
896
7.5k
30.6k
896
34.1k
34.1k
4.1k
34.1k
7.5k
632
4.1k
2.1k
23.9k
9.3k
23.9k
9.3k
632
34.1k
632
23.9k
4.1k
23.9k
3.1k
23.9k
34.1k
3.1k
30.6k
34.1k
2.1k
23.9k
23.9k
91
91
3
91
10
12
12
0
91
91
91
91
91
91
91
91
91
91
91
91
91
91
91
91
91
91
91
91
91
91
91
91
91
91
91
12
12
2
91
91
91
0
91
91
10
3
12
12
0
0
0
0
2
0
2
0
0
0
123
123
0
0
0
0
0
0
0
3
3
0
0
123
5
123
25
2
2
0
0
0
5
123
2
2
2
0
1k
123
20
123
0
5
123
123
2
